time:0.094000
time:0.071000
time:0.077000
time:749.520000
